2 101
6 5 4
2

2 101
6 5 1
17 8 101 1

1 101
6 5 1
17 8 102 2

1 101
6 5 2
101 102

1 101
2 5 2
104 105

2 105
2 5 5
1 80

2 105
2 5 5
3 1

2 105
3 5 2
5 106

2 105
6 4 2
6 107

2 105
2 5 2
105 110

2 107
6 4 2
107 109

2 107
3 5 2
106 108

2 108
3 5 2 
108 109

2 108
2 5 2
110 111

2 111
2 5 5
1 100

2 111
2 5 3
T

2 111
6 4 4
2

2 111
6 5 4
2

2 111
4 5 4
2

2 111
3 5 4
2

2 111
2 5 4
2

2 111
4 1 1
14 7 4 2

2 111
4 1 1
18 7 3 2

2 111
4 1 1
16 5 5 2

2 111
4 1 1
16 9 6 2

2 111
4 1 2
4 112

2 112
4 1 5
1 120

2 112
4 1 3
T

1 103
5 2 3
T

1 103
4 1 4
2


